1 0.07826
2 0.02346
123 0.02336
3 0.01792
4 0.01719
12 0.01232
0 0.01015
7 0.01005
5 0.00809
11 0.00795
8 0.00748
01 0.00635
13 0.00631
9 0.00628
22 0.00604
123456 0.00592
6 0.00566
23 0.00515
1234 0.00487
69 0.00436
99 0.00430
21 0.00428
10 0.00414
08 0.00371
77 0.00368
00 0.00360
09 0.00355
88 0.00342
33 0.00336
07 0.00323
24 0.00314
14 0.00280
17 0.00280
19 0.00273
55 0.00270
18 0.00260
25 0.00248
06 0.00240
16 0.00238
15 0.00237
05 0.00223
27 0.00212
20 0.00212
2008 0.00210
2009 0.00194
44 0.00193
03 0.00190
02 0.00189
101 0.00186
66 0.00179
89 0.00178
87 0.00177
777 0.00174
28 0.00171
04 0.00170
007 0.00168
34 0.00165
26 0.00165
12345 0.00164
78 0.00162
32 0.00159
85 0.00159
29 0.00158
45 0.00158
98 0.00158
86 0.00157
42 0.00145
2007 0.00141
31 0.00140
76 0.00133
84 0.00133
56 0.00133
666 0.00132
83 0.00131
79 0.00130
30 0.00129
111 0.00127
75 0.00125
81 0.00125
82 0.00125
67 0.00121
72 0.00116
420 0.00114
92 0.00113
73 0.00113
57 0.00112
91 0.00110
95 0.00108
50 0.00106
100 0.00105
94 0.00104
2000 0.00104
54 0.00104
64 0.00104
2006 0.00102
74 0.00102
68 0.00099
93 0.00097
96 0.00097
97 0.00097
90 0.00097
47 0.00096
321 0.00095
71 0.00093
143 0.00092
65 0.00092
80 0.00092
35 0.00089
52 0.00089
58 0.00085
36 0.00084
999 0.00083
37 0.00083
53 0.00082
333 0.00082
41 0.00081
12345678 0.00081
63 0.00079
43 0.00079
38 0.00078
59 0.00076
2005 0.00076
46 0.00075
51 0.00075
48 0.00075
123456789 0.00074
49 0.00072
62 0.00072
40 0.00071
61 0.00069
39 0.00068
2004 0.00067
001 0.00067
2002 0.00065
70 0.00063
911 0.00061
888 0.00057
2001 0.00057
1234567 0.00057
2010 0.00055
1987 0.00054
1984 0.00054
2003 0.00054
111111 0.00053
1980 0.00052
456 0.00049
1981 0.00049
1989 0.00049
1979 0.00048
222 0.00048
200 0.00047
1978 0.00047
786 0.00046
555 0.00046
1983 0.00046
1986 0.00043
60 0.00043
1982 0.00042
1976 0.00042
1985 0.00041
1977 0.00041
1975 0.00040
234 0.00040
1991 0.00040
1988 0.00040
1990 0.00038
1969 0.00035
1972 0.00034
000 0.00034
1111 0.00034
123123 0.00034
1212 0.00033
789 0.00033
121 0.00032
1993 0.00032
316 0.00031
1992 0.00031
654321 0.00031
247 0.00030
1974 0.00030
1010 0.00030
1973 0.00029
1971 0.00028
1313 0.00028
1970 0.00028
112 0.00028
125 0.00026
1998 0.00026
444 0.00026
1996 0.00025
1994 0.00025
1999 0.00025
1995 0.00025
1968 0.00025
1967 0.00025
1963 0.00025
2112 0.00025
1000 0.00024
000000 0.00024
1966 0.00023
345 0.00023
1964 0.00023
311 0.00022
1960 0.00021
182 0.00021
1965 0.00021
1701 0.00021
99999 0.00021
213 0.00021
030379 0.00021
108 0.00020
987 0.00020
1959 0.00020
122 0.00020
124 0.00020
1961 0.00020
812 0.00019
1997 0.00019
7777777 0.00019
102 0.00019
360 0.00019
1957 0.00019
0000 0.00019
314 0.00019
6969 0.00018
500 0.00018
1955 0.00018
300 0.00018
187 0.00018
1956 0.00018
2020 0.00017
212 0.00017
7777 0.00017
4321 0.00017
2222 0.00017
1962 0.00017
1122 0.00017
411 0.00016
9999 0.00016
123321 0.00016
626 0.00016
711 0.00016
666666 0.00016
2012 0.00016
214 0.00016
098 0.00016
369 0.00016
009 0.00016
121212 0.00016
215 0.00016
1958 0.00016
1954 0.00016
4444 0.00015
198 0.00015
101471 0.00015
888888 0.00015
1234567890 0.00015
117 0.00015
1123 0.00014
313 0.00014
147 0.00014
211 0.00014
1951 0.00014
126 0.00014
109 0.00014
567 0.00014
423 0.00014
1020 0.00014
220 0.00014
221 0.00013
1214 0.00013
619 0.00013
128 0.00013
1023 0.00013
678 0.00013
1221 0.00013
223 0.00013
131 0.00013
201 0.00013
900 0.00013
1953 0.00013
1213 0.00013
1337 0.00013
110 0.00013
008 0.00013
8888 0.00013
1012 0.00013
357 0.00013
1024 0.00013
127 0.00013
1001 0.00012
1231 0.00012
413 0.00012
113 0.00012
1225 0.00012
1022 0.00012
808 0.00012
1224 0.00012
312 0.00012
696969 0.00012
323 0.00012
713 0.00012
5150 0.00012
999999 0.00012
105 0.00012
400 0.00012
707 0.00012
120 0.00012
1029 0.00012
224 0.00012
135 0.00012
1952 0.00012
3000 0.00011
1013 0.00011
1011 0.00011
326 0.00011
1031 0.00011
4670 0.00011
8675309 0.00011
621 0.00011
116 0.00011
197 0.00011
2323 0.00011
003 0.00011
217 0.00011
1021 0.00011
325 0.00011
600 0.00011
777777 0.00011
1950 0.00011
103 0.00011
002 0.00011
012 0.00011
1025 0.00011
210 0.00011
219 0.00011
1138 0.00011
1948 0.00011
317 0.00010
1226 0.00010
199 0.00010
246 0.00010
512 0.00010
513 0.00010
1229 0.00010
712 0.00010
714 0.00010
218 0.00010
1223 0.00010
555555 0.00010
890 0.00010
129 0.00010
1947 0.00010
613 0.00010
110119 0.00010
2121 0.00010
310 0.00010
104 0.00010
1949 0.00010
132 0.00010
250 0.00010
159753 0.00010
1230 0.00010
916 0.00010
1207 0.00010
1215 0.00010
112233 0.00010
159 0.00010
1121 0.00010
700 0.00010
415 0.00010
131313 0.00010
1228 0.00010
723 0.00010
54321 0.00010
520 0.00010
747 0.00010
2525 0.00010
828 0.00010
150 0.00009
427 0.00009
222222 0.00009
1018 0.00009
37496 0.00009
831 0.00009
1205 0.00009
202 0.00009
1717 0.00009
318 0.00009
421 0.00009
510 0.00009
9009 0.00009
614 0.00009
231 0.00009
727 0.00009
1027 0.00009
718 0.00009
107 0.00009
216 0.00009
365 0.00009
1216 0.00009
2011 0.00009
515 0.00009
717 0.00009
1004 0.00009
412 0.00009
424 0.00009
1130 0.00009
1019 0.00008
330 0.00008
119 0.00008
137 0.00008
428 0.00008
923 0.00008
145 0.00008
305 0.00008
227 0.00008
1220 0.00008
612 0.00008
1125 0.00008
324 0.00008
1945 0.00008
1014 0.00008
720 0.00008
320 0.00008
5000 0.00008
813 0.00008
118 0.00008
909 0.00008
196 0.00008
525 0.00008
521 0.00008
328 0.00008
5555 0.00008
419 0.00008
329 0.00008
1919 0.00008
168 0.00008
425 0.00008
257 0.00008
624 0.00008
1015 0.00008
1120 0.00008
151 0.00008
516 0.00008
1028 0.00008
258 0.00008
722 0.00008
3333 0.00008
114 0.00007
1124 0.00007
209 0.00007
5683 0.00007
334 0.00007
913 0.00007
225 0.00007
511 0.00007
1219 0.00007
1007 0.00007
422 0.00007
228 0.00007
331 0.00007
1210 0.00007
1026 0.00007
0808 0.00007
106 0.00007
800 0.00007
303 0.00007
1218 0.00007
9090 0.00007
315 0.00007
327 0.00007
005 0.00007
820 0.00007
333333 0.00007
622 0.00007
144 0.00007
414 0.00007
1202 0.00007
920 0.00007
189 0.00007
9873 0.00007
518 0.00007
309 0.00007
455 0.00007
226 0.00007
2424 0.00007
0823 0.00007
531 0.00007
710 0.00007
115 0.00007
528 0.00007
101010 0.00007
523 0.00007
319 0.00007
1217 0.00007
822 0.00007
2911 0.00007
138 0.00007
154 0.00007
505 0.00007
350 0.00007
5678 0.00007
1492 0.00007
1128 0.00007
133 0.00007
1818 0.00007
233 0.00007
322 0.00007
429 0.00007
731 0.00007
1107 0.00007
1206 0.00007
1126 0.00007
1127 0.00007
418 0.00007
180 0.00007
987654321 0.00007
823 0.00007
011 0.00007
951 0.00007
11111111 0.00007
1201 0.00007
1016 0.00007
1942 0.00007
3456 0.00006
1211 0.00006
1357 0.00006
721 0.00006
1006 0.00006
169 0.00006
1908 0.00006
1115 0.00006
242 0.00006
139 0.00006
928 0.00006
1066 0.00006
195 0.00006
524 0.00006
238 0.00006
232 0.00006
232323 0.00006
252 0.00006
0987 0.00006
654 0.00006
514 0.00006
1105 0.00006
818 0.00006
1005 0.00006
363 0.00006
628 0.00006
416 0.00006
1414 0.00006
404 0.00006
177 0.00006
1812 0.00006
530 0.00006
610 0.00006
724 0.00006
1100 0.00006
810 0.00006
627 0.00006
1800 0.00006
611 0.00006
1914 0.00006
623 0.00006
212121 0.00006
0101 0.00006
898712 0.00006
914 0.00006
504 0.00006
929 0.00006
1002 0.00006
9876 0.00006
337 0.00006
1776 0.00006
927 0.00006
1940 0.00006
245 0.00006
825 0.00006
2345 0.00006
753 0.00006
420420 0.00006
1227 0.00006
1104 0.00006
417 0.00006
509 0.00006
240 0.00006
304 0.00006
501 0.00006
1003 0.00006
1129 0.00006
004 0.00006
728 0.00006
726 0.00006
922 0.00006
925 0.00006
270 0.00006
1030 0.00006
526 0.00006
786786 0.00006
617 0.00006
987654 0.00006
815 0.00006
765 0.00006
1017 0.00005
1117 0.00005
910 0.00005
2468 0.00005
789456 0.00005
1222 0.00005
817 0.00005
716 0.00005
1204 0.00005
88888888 0.00005
0805 0.00005
134 0.00005
805 0.00005
821 0.00005
915 0.00005
926 0.00005
00000 0.00005
616 0.00005
155 0.00005
1101 0.00005
410 0.00005
130 0.00005
1943 0.00005
343 0.00005
919 0.00005
629 0.00005
042506 0.00005
006 0.00005
0306 0.00005
426 0.00005
152 0.00005
12341234 0.00005
1200 0.00005
636 0.00005
0717 0.00005
824 0.00005
729 0.00005
141 0.00005
0420 0.00005
178 0.00005
11111 0.00005
912 0.00005
989 0.00005
1906 0.00005
254 0.00005
302 0.00005
546 0.00005
921 0.00005
1112 0.00005
301 0.00005
432 0.00005
355 0.00005
702 0.00005
55555 0.00005
262 0.00005
5454 0.00005
205 0.00005
269 0.00005
277 0.00005
017 0.00005
256 0.00005
603 0.00005
876 0.00005
2727 0.00005
00000000 0.00005
010 0.00005
236 0.00005
0711 0.00005
918 0.00005
237 0.00005
667 0.00005
1102 0.00005
405 0.00005
1233 0.00005
235 0.00005
359 0.00005
244 0.00005
924 0.00005
1103 0.00005
1209 0.00005
630 0.00005
845 0.00005
252525 0.00005
0912 0.00005
737 0.00005
0123 0.00005
901 0.00005
1203 0.00005
003231 0.00005
543 0.00005
527 0.00005
188 0.00005
618 0.00005
529 0.00005
1008 0.00005
7788 0.00005
356 0.00005
1369 0.00005
1357924680 0.00005
456789 0.00004
266 0.00004
281 0.00004
451 0.00004
0204 0.00004
156 0.00004
1911 0.00004
1941 0.00004
522 0.00004
0623 0.00004
1119 0.00004
142 0.00004
1946 0.00004
0007 0.00004
241 0.00004
335 0.00004
1109 0.00004
077 0.00004
963 0.00004
297 0.00004
208 0.00004
519 0.00004
90210 0.00004
243 0.00004
0512 0.00004
0001 0.00004
0308 0.00004
0220 0.00004
454 0.00004
207 0.00004
251288 0.00004
149 0.00004
298 0.00004
141414 0.00004
239 0.00004
172 0.00004
263 0.00004
430 0.00004
774 0.00004
1208 0.00004
2412 0.00004
171 0.00004
839329 0.00004
456123 0.00004
0202 0.00004
606 0.00004
090 0.00004
307 0.00004
0813 0.00004
1321 0.00004
440 0.00004
202020 0.00004
1114 0.00004
191 0.00004
2204 0.00004
757 0.00004
1944 0.00004
917 0.00004
1923 0.00004
153 0.00004
1616 0.00004
468 0.00004
819 0.00004
111222 0.00004
772 0.00004
1123581321 0.00004
508 0.00004
1134 0.00004
0407 0.00004
031 0.00004
2233 0.00004
750 0.00004
1116 0.00004
1108 0.00004
190 0.00004
444444 0.00004
349 0.00004
0409 0.00004
248 0.00004
123654 0.00004
1939 0.00004
12121212 0.00004
1110 0.00004
1106 0.00004
715 0.00004
719 0.00004
777111 0.00004
908 0.00004
7890 0.00004
930 0.00004
1314 0.00004
517 0.00004
991 0.00004
826 0.00004
0907 0.00004
272 0.00004
0505 0.00004
2408 0.00004
625 0.00004
275 0.00004
167 0.00004
408 0.00004
0214 0.00004
181 0.00004
8181 0.00004
284 0.00004
159357 0.00004
387 0.00004
0909 0.00004
1300 0.00004
5050 0.00004
160 0.00004
0412 0.00004
811 0.00004
229 0.00004
261096 0.00004
990 0.00004
1310 0.00004
0312 0.00004
1331 0.00004
206 0.00004
435 0.00004
389 0.00004
894 0.00004
801 0.00004
5201314 0.00004
903 0.00004
733 0.00004
686 0.00004
364 0.00004
267 0.00004
569 0.00004
561 0.00004
830 0.00004
5252552 0.00004
021 0.00004
1500 0.00004
007007 0.00004
381 0.00004
4567 0.00004
974 0.00004
642 0.00004
1865 0.00004
0508 0.00004
675 0.00004
11223344 0.00004
457 0.00004
11235813 0.00004
069 0.00004
7979 0.00004
276 0.00004
175 0.00004
562 0.00004
361 0.00004
0905 0.00004
354 0.00004
0416 0.00004
0630 0.00004
0304 0.00004
1009 0.00004
554 0.00004
0507 0.00004
3232 0.00004
586 0.00004
0211 0.00004
013 0.00004
194 0.00004
289 0.00004
166 0.00004
545 0.00004
601 0.00004
556 0.00004
162 0.00004
852 0.00004
1515 0.00004
734 0.00004
2600 0.00004
1415 0.00004
689 0.00004
1324 0.00004
032 0.00004
1309 0.00004
249 0.00004
2223 0.00004
969 0.00004
394 0.00004
173 0.00004
469 0.00004
725 0.00004
507 0.00004
085044 0.00003
9000 0.00003
2244 0.00003
1520 0.00003
292929 0.00003
1111111 0.00003
4516 0.00003
690 0.00003
0217 0.00003
2105 0.00003
1113 0.00003
377 0.00003
0827 0.00003
978 0.00003
1288 0.00003
0709 0.00003
458 0.00003
0506 0.00003
0925 0.00003
0426 0.00003
395 0.00003
2828 0.00003
1290 0.00003
1287 0.00003
602 0.00003
0205 0.00003
0609 0.00003
134679 0.00003
1087 0.00003
5566 0.00003
0316 0.00003
0728 0.00003
590 0.00003
24601 0.00003
450 0.00003
1432 0.00003
0906 0.00003
462 0.00003
0215 0.00003
2469 0.00003
0817 0.00003
3030 0.00003
954 0.00003
609 0.00003
465 0.00003
2208 0.00003
535 0.00003
814 0.00003
0408 0.00003
342 0.00003
0521 0.00003
4747 0.00003
2327 0.00003
0515 0.00003
869 0.00003
1930 0.00003
0102 0.00003
0000000 0.00003
271 0.00003
2369 0.00003
409 0.00003
2202 0.00003
3113 0.00003
595 0.00003
708 0.00003
688 0.00003
1903 0.00003
615 0.00003
503 0.00003
1926 0.00003
2929 0.00003
047 0.00003
287 0.00003
285 0.00003
0427 0.00003
1910 0.00003
088 0.00003
740 0.00003
536 0.00003
897 0.00003
506 0.00003
730 0.00003
2707 0.00003
620 0.00003
6669 0.00003
0405 0.00003
0305 0.00003
027 0.00003
1266 0.00003
080808 0.00003
1888 0.00003
203 0.00003
816 0.00003
0320 0.00003
280377 0.00003
464 0.00003
0815 0.00003
706 0.00003
022 0.00003
438 0.00003
505050 0.00003
549 0.00003
6666 0.00003
442 0.00003
1821 0.00003
0708 0.00003
986 0.00003
550 0.00003
2512 0.00003
899 0.00003
1909 0.00003
8080 0.00003
0401 0.00003
375 0.00003
0209 0.00003
374 0.00003
4242 0.00003
985 0.00003
0105 0.00003
1256 0.00003
2274 0.00003
193 0.00003
253 0.00003
452 0.00003
0814 0.00003
2626 0.00003
1611 0.00003
762 0.00003
0311 0.00003
273 0.00003
12344321 0.00003
812354 0.00003
0707 0.00003
2015 0.00003
5354 0.00003
3377 0.00003
0812 0.00003
8123 0.00003
787878 0.00003
1912 0.00003
937 0.00003
573 0.00003
2301 0.00003
478 0.00003
2205 0.00003
0103 0.00003
176 0.00003
2040 0.00003
123454321 0.00003
0406 0.00003
099 0.00003
383 0.00003
290 0.00003
850 0.00003
3311 0.00003
0830 0.00003
401 0.00003
0722 0.00003
735 0.00003
1423 0.00003
168888 0.00003
477 0.00003
164 0.00003
0404 0.00003
8484 0.00003
649 0.00003
399 0.00003
098765 0.00003
340 0.00003
701 0.00003
157 0.00003
656 0.00003
010203 0.00003
240213 0.00003
871124 0.00003
140 0.00003
752 0.00003
879 0.00003
185 0.00003
8588 0.00003
0804 0.00003
0511 0.00003
635 0.00003
1032 0.00003
650 0.00003
2324 0.00003
7275 0.00003
332 0.00003
705 0.00003
87654321 0.00003
191919 0.00003
347 0.00003
227878 0.00003
379 0.00003
932 0.00003
584520 0.00003
7240126 0.00003
2659 0.00003
0317 0.00003
834 0.00003
0213 0.00003
0227 0.00003
183 0.00003
7410 0.00003
741 0.00003
2378 0.00003
112358 0.00003
498 0.00003
703 0.00003
1712 0.00003
2021 0.00003
672 0.00003
1502 0.00003
306 0.00003
2025 0.00003
234567 0.00003
1430 0.00003
121600 0.00003
2150 0.00003
5551212 0.00003
0110 0.00003
995 0.00003
1928 0.00003
802 0.00003
0923 0.00003
2910 0.00003
699 0.00003
538 0.00003
2288 0.00003
0725 0.00003
1511 0.00003
0504 0.00003
1245 0.00003
0125 0.00003
0326 0.00003
0315 0.00003
062 0.00003
0904 0.00003
0206 0.00003
279 0.00003
1329 0.00003
0422 0.00003
1927 0.00003
696 0.00003
2225 0.00003
565 0.00003
2410 0.00003
4760 0.00003
0429 0.00003
1918 0.00003
470 0.00003
018 0.00003
3211 0.00003
1278 0.00003
2200 0.00003
7734 0.00003
787 0.00003
453 0.00003
466 0.00003
1189 0.00003
0414 0.00003
973 0.00003
1308 0.00003
163 0.00003
1938 0.00003
1513 0.00003
975 0.00003
1900 0.00003
0927 0.00003
1804 0.00003
736 0.00003
378 0.00003
259 0.00003
1417 0.00003
852456 0.00003
0307 0.00003
2979 0.00003
980 0.00003
0419 0.00003
1525 0.00003
1870 0.00003
472 0.00003
1277 0.00003
0417 0.00003
0509 0.00003
2048 0.00003
0302 0.00003
775 0.00003
148 0.00003
1920 0.00003
939 0.00003
089 0.00003
2013 0.00003
856 0.00003
2299 0.00003
264 0.00003
796 0.00003
1700 0.00003
386 0.00003
0120 0.00003
338 0.00003
99999999 0.00003
336 0.00003
0518 0.00003
280 0.00003
1156 0.00003
0810 0.00003
255 0.00003
564 0.00003
0520 0.00003
1199 0.00003
23131644 0.00003
136 0.00003
402 0.00003
407 0.00003
0502 0.00003
633 0.00003
486 0.00003
295 0.00003
578 0.00003
2676 0.00003
033 0.00003
967 0.00003
025 0.00003
0911 0.00003
0522 0.00003
0928 0.00003
997 0.00003
2229 0.00003
0902 0.00003
652 0.00003
998 0.00003
773 0.00003
2211 0.00003
467 0.00003
0926 0.00003
1179 0.00003
0223 0.00003
6868 0.00003
0607 0.00003
260 0.00003
265 0.00003
574 0.00003
