e 190013 0.07854720756911784 1
a 174419 0.0721009899164687 1
r 155495 0.064278223284512 1
o 150696 0.062294421917636074 1
s 136442 0.056402130881284845 1
n 120759 0.04991912258023978 1
l 117179 0.04843922908296622 1
i 117044 0.04838342304326456 1
t 115956 0.0479336677010764 1
c 75388 0.0311637460816926 1
d 75167 0.03107238952781063 1
y 69164 0.028590880962410293 1
m 69042 0.028540448837642868 1
h 63868 0.02640163069381789 1
g 57176 0.02363530463690317 1
b 56621 0.02340587980701858 1
k 53166 0.02197765856872803 1
p 49801 0.020586641356905255 1
u 41862 0.01730483284437597 1
w 38591 0.01595267317130842 1
f 34379 0.014211524732616729 1
j 33598 0.013888676458490847 1
v 32997 0.013640236237300509 1
x 15858 0.006555349463621283 1
z 15578 0.006439603603499328 1
ma 11361 0.004696388274448316 2
q 10352 0.004279289799937414 1
A 7286 0.0030118726316020095 1
mo 6882 0.0028448678905689034 2
ne 6812 0.0028159314255384147 2
ca 6454 0.002667942075811058 2
mi 6141 0.0025385547393175873 2
de 6002 0.002481095187328474 2
pa 5766 0.0023835379623685406 2
me 5761 0.00238147107200922 2
S 5696 0.002354601497338052 1
ba 5504 0.00227523290754014 2
na 5437 0.0022475365767252436 2
M 5410 0.0022363753687849124 1
li 5377 0.0022227338924133964 2
le 5377 0.0022227338924133964 2
re 5297 0.0021896636466642665 2
da 5290 0.0021867700001612176 2
sa 5285 0.002184703109801897 2
ri 5105 0.0021102950568663544 2
E 5050 0.0020875592629138275 1
se 4978 0.0020577960417396107 2
L 4753 0.0019647859755701825 1
la 4743 0.0019606521948515414 2
te 4721 0.0019515578772705308 2
ni 4623 0.0019110468262278466 2
R 4400 0.0018188635162021468 1
ta 4382 0.0018114227109085927 2
N 4374 0.0018081156863336797 1
ke 4350 0.0017981946126089407 2
T 4109 0.0016985704972896866 1
B 4105 0.00169691698500223 1
bo 4083 0.0016878226674212195 2
an 4036 0.0016683938980436056 2
ka 4029 0.0016655002515405567 2
C 3905 0.0016142413706294054 1
ha 3888 0.0016072139434077151 2
D 3783 0.0015638092458619822 1
bu 3663 0.0015142038772382872 2
po 3522 0.0014559175691054456 2
si 3456 0.0014286346163624136 2
di 3344 0.0013823362723136316 2
I 3339 0.001380269381954311 1
ge 3290 0.0013600138564329688 2
P 3258 0.0013467857581333168 1
H 3165 0.0013083415974499534 1
su 3150 0.0013021409263719915 2
ti 3139 0.001297593767581486 2
O 3026 0.00125088204546084 1
G 3009 0.00124385461823915 1
bi 2945 0.001217398421639846 2
J 2934 0.0012128512628493406 1
he 2516 0.0010400592288101367 2
ce 2385 0.0009859067013959365 2
Y 2297 0.0009495294310718935 1
K 2278 0.0009416752477064751 1
U 2260 0.0009342344424129209 1
wa 2246 0.0009284471494068232 2
fa 2218 0.0009168725633946276 2
sha 2185 0.0009032310870231116 3
W 2163 0.0008941367694421009 1
ju 2133 0.0008817354272861771 2
mu 2087 0.0008627200359804274 2
er 2009 0.0008304765463750256 2
che 2009 0.0008304765463750256 3
lu 1944 0.0008036069717038576 2
cha 1828 0.0007556551153676191 3
F 1813 0.0007494544442896573 1
pi 1806 0.0007465607977866084 2
pu 1791 0.0007403601267086466 2
wo 1734 0.0007167975766123915 2
chi 1693 0.0006998490756659624 3
fu 1622 0.0006704992325636096 2
V 1575 0.0006510704631859958 1
ru 1463 0.0006047721191372138 2
tu 1429 0.0005907172646938336 2
ya 1378 0.0005696349830287633 2
du 1326 0.0005481393232918288 2
man 1322 0.0005464858110043723 3
za 1266 0.0005233366389799813 2
ci 1260 0.0005208563705487966 2
Z 1258 0.0005200296144050684 1
X 1199 0.000495640308165085 1
nu 1198 0.0004952269300932208 2
en 1124 0.0004646369527752757 2
Q 1088 0.0004497553421881672 1
ye 1078 0.000445621561469526 2
cu 1054 0.000435700487744787 2
shi 1006 0.00041585834029530904 3
she 925 0.000382374716474315 3
san 908 0.00037534728925262483 3
ji 896 0.00037038675239025535 2
nie 877 0.000362532569024837 3
ze 830 0.00034310379964722315 2
gu 820 0.0003389700189285819 2
yo 799 0.0003302890794194353 2
hu 769 0.00031788773726351157 2
ran 739 0.00030548639510758786 3
dan 734 0.00030341950474826725 3
ku 716 0.00029597869945471297 2
lv 707 0.00029225829680793586 2
qu 696 0.0002877111380174305 2
pen 653 0.00026993588092727314 3
ai 646 0.0002670422344242243 2
can 617 0.0002550542703401647 3
ben 590 0.00024389306239983334 3
han 588 0.00024306630625610506 3
ken 576 0.00023810576939373558 3
sun 563 0.00023273185445950198 3
lan 559 0.00023107834217204548 3
nin 558 0.00023066496410018136 3
xi 544 0.0002248776710940836 2
zi 540 0.0002232241588066271 2
lin 520 0.00021495659736934462 3
ren 515 0.000212889707010024 3
gan 489 0.00020214187714155676 3
you 488 0.00020172849906969264 3
min 463 0.00019139404727308955 3
ou 437 0.00018064621740462232 2
pan 432 0.0001785793270453017 3
pin 420 0.0001736187901829322 3
chae 407 0.0001682448752486986 4
gui 404 0.00016700474103310622 3
die 395 0.00016328433838632908 3
ban 389 0.00016080406995514434 3
tan 371 0.00015336326466159012 3
chu 365 0.00015088299623040535 3
sunshi 363 0.0001500562400866771 6
chan 360 0.00014881610587108473 4
yu 352 0.00014550908129617175 2
hun 347 0.00014344219093685113 3
sai 343 0.00014178867864939463 3
sou 339 0.00014013516636193814 3
que 321 0.0001326943610683839 3
yan 314 0.00012980071456533503 3
lou 312 0.00012897395842160678 3
tige 308 0.0001273204461341503 4
gen 308 0.0001273204461341503 3
kan 297 0.0001227732873436449 3
cou 294 0.00012153315312805253 3
men 284 0.0001173993724094113 3
shan 270 0.00011161207940331356 4
mou 270 0.00011161207940331356 3
mai 262 0.00010830505482840056 3
dai 259 0.00010706492061280818 3
kai 253 0.00010458465218162344 3
lia 252 0.00010417127410975932 3
bai 248 0.00010251776182230283 3
nan 246 0.00010169100567857457 3
zu 239 9.87973591755257e-05 2
mama 236 9.755722495993333e-05 4
tie 231 9.549033460061272e-05 3
hou 225 9.301006616942796e-05 3
nv 207 8.556926087587373e-05 2
dou 207 8.556926087587373e-05 3
pai 199 8.226223630096074e-05 3
hai 195 8.060872401350423e-05 3
run 193 7.978196786977598e-05 3
hen 192 7.936858979791186e-05 3
fan 189 7.812845558231949e-05 3
gun 188 7.771507751045537e-05 3
rang 187 7.730169943859124e-05 4
tai 180 7.440805293554237e-05 3
wai 177 7.316791871995e-05 3
shu 169 6.986089414503701e-05 3
dun 168 6.944751607317289e-05 3
jun 166 6.862075992944462e-05 3
wu 164 6.779400378571638e-05 2
pie 163 6.738062571385225e-05 3
fen 161 6.655386957012401e-05 3
saman 158 6.531373535453164e-05 5
gai 156 6.448697921080339e-05 3
wan 155 6.407360113893927e-05 3
ao 155 6.407360113893927e-05 2
yi 149 6.159333270775451e-05 2
moni 149 6.159333270775451e-05 4
long 148 6.117995463589039e-05 4
cai 143 5.911306427656977e-05 3
lei 142 5.869968620470565e-05 3
lai 139 5.745955198911327e-05 3
lie 135 5.580603970165678e-05 3
lian 133 5.497928355792853e-05 4
dian 133 5.497928355792853e-05 4
bie 133 5.497928355792853e-05 3
wen 131 5.415252741420028e-05 3
baba 127 5.2499015126743784e-05 4
rou 126 5.208563705487966e-05 3
xie 125 5.167225898301554e-05 3
nai 122 5.043212476742316e-05 3
momo 119 4.919199055183079e-05 4
bin 117 4.836523440810254e-05 3
xu 115 4.753847826437429e-05 2
fou 115 4.753847826437429e-05 3
mang 113 4.671172212064604e-05 4
change 113 4.671172212064604e-05 6
ding 109 4.505820983318955e-05 4
mei 102 4.216456333014068e-05 3
bang 102 4.216456333014068e-05 4
tang 101 4.1751185258276554e-05 4
gua 98 4.051105104268418e-05 3
edu 96 3.968429489895593e-05 3
kun 94 3.8857538755227684e-05 3
tou 93 3.844416068336356e-05 3
julie 92 3.803078261149944e-05 5
hei 92 3.803078261149944e-05 3
zan 84 3.472375803658644e-05 3
mimi 83 3.431037996472231e-05 4
ling 82 3.389700189285819e-05 4
ting 81 3.3483623820994065e-05 4
haha 81 3.3483623820994065e-05 4
lve 80 3.307024574912994e-05 3
zen 78 3.2243489605401695e-05 3
ning 78 3.2243489605401695e-05 4
juli 78 3.2243489605401695e-05 4
bing 75 3.100335538980932e-05 4
wei 74 3.0589977317945195e-05 3
shane 74 3.0589977317945195e-05 5
chai 74 3.0589977317945195e-05 4
nei 73 3.017659924608107e-05 3
juan 72 2.9763221174216948e-05 4
zai 69 2.8523086958624574e-05 3
bobo 68 2.810970888676045e-05 4
esi 67 2.7696330814896327e-05 3
niu 65 2.6869574671168077e-05 3
jin 64 2.6456196599303954e-05 3
gang 62 2.5629440455575707e-05 4
dami 62 2.5629440455575707e-05 4
laba 58 2.397592816811921e-05 4
song 56 2.314917202439096e-05 4
naru 56 2.314917202439096e-05 4
mie 56 2.314917202439096e-05 3
lang 56 2.314917202439096e-05 4
lun 55 2.2735793952526836e-05 3
tun 54 2.2322415880662713e-05 3
namo 52 2.1495659736934462e-05 4
mati 52 2.1495659736934462e-05 4
qi 51 2.108228166507034e-05 2
chun 51 2.108228166507034e-05 4
anan 51 2.108228166507034e-05 4
yang 50 2.0668903593206215e-05 4
tian 50 2.0668903593206215e-05 4
ming 50 2.0668903593206215e-05 4
limi 50 2.0668903593206215e-05 4
aya 50 2.0668903593206215e-05 3
nali 49 2.025552552134209e-05 4
like 49 2.025552552134209e-05 4
shai 48 1.9842147449477965e-05 4
esha 48 1.9842147449477965e-05 4
chen 48 1.9842147449477965e-05 4
fei 47 1.9428769377613842e-05 3
dire 46 1.901539130574972e-05 4
chao 46 1.901539130574972e-05 4
quan 45 1.860201323388559e-05 4
chichi 45 1.860201323388559e-05 6
wang 44 1.8188635162021468e-05 4
sang 44 1.8188635162021468e-05 4
nver 44 1.8188635162021468e-05 4
cun 44 1.8188635162021468e-05 3
sui 42 1.736187901829322e-05 3
pian 42 1.736187901829322e-05 4
shua 41 1.6948500946429094e-05 4
dong 40 1.653512287456497e-05 4
ping 39 1.6121744802700848e-05 4
nisha 38 1.5708366730836724e-05 5
nao 38 1.5708366730836724e-05 3
name 38 1.5708366730836724e-05 4
dama 38 1.5708366730836724e-05 4
bian 38 1.5708366730836724e-05 4
beng 38 1.5708366730836724e-05 4
hama 36 1.4881610587108474e-05 4
danger 36 1.4881610587108474e-05 6
popo 35 1.446823251524435e-05 4
mian 34 1.4054854443380225e-05 4
jing 33 1.3641476371516102e-05 4
hong 33 1.3641476371516102e-05 4
xia 32 1.3228098299651977e-05 3
pixie 32 1.3228098299651977e-05 5
kao 32 1.3228098299651977e-05 3
yin 31 1.2814720227787853e-05 3
nen 31 1.2814720227787853e-05 3
kou 31 1.2814720227787853e-05 3
dada 31 1.2814720227787853e-05 4
tong 30 1.2401342155923728e-05 4
nage 30 1.2401342155923728e-05 4
cong 30 1.2401342155923728e-05 4
tao 28 1.157458601219548e-05 3
pao 28 1.157458601219548e-05 3
lali 28 1.157458601219548e-05 4
heli 28 1.157458601219548e-05 4
dang 28 1.157458601219548e-05 4
zha 27 1.1161207940331356e-05 3
talia 27 1.1161207940331356e-05 5
shen 27 1.1161207940331356e-05 4
liqu 27 1.1161207940331356e-05 4
geti 27 1.1161207940331356e-05 4
kong 26 1.0747829868467231e-05 4
kang 25 1.0334451796603108e-05 4
chang 25 1.0334451796603108e-05 5
napa 24 9.921073724738983e-06 4
hua 24 9.921073724738983e-06 3
hang 24 9.921073724738983e-06 4
dabo 24 9.921073724738983e-06 4
rao 23 9.50769565287486e-06 3
liu 23 9.50769565287486e-06 3
dange 23 9.50769565287486e-06 5
dali 23 9.50769565287486e-06 4
chou 23 9.50769565287486e-06 4
juju 22 9.094317581010734e-06 4
jia 22 9.094317581010734e-06 3
bei 22 9.094317581010734e-06 3
ying 21 8.68093950914661e-06 4
xiao 21 8.68093950914661e-06 4
tequ 21 8.68093950914661e-06 4
shun 20 8.267561437282486e-06 4
hao 20 8.267561437282486e-06 3
fang 20 8.267561437282486e-06 4
dasi 20 8.267561437282486e-06 4
bao 20 8.267561437282486e-06 3
bali 20 8.267561437282486e-06 4
reli 19 7.854183365418362e-06 4
mote 19 7.854183365418362e-06 4
jie 19 7.854183365418362e-06 3
gei 19 7.854183365418362e-06 3
dala 19 7.854183365418362e-06 4
teng 18 7.440805293554237e-06 4
shou 18 7.440805293554237e-06 4
peng 18 7.440805293554237e-06 4
pang 18 7.440805293554237e-06 4
gao 18 7.440805293554237e-06 3
dui 18 7.440805293554237e-06 3
diya 18 7.440805293554237e-06 4
yun 17 7.027427221690113e-06 3
xing 17 7.027427221690113e-06 4
manman 17 7.027427221690113e-06 6
buda 17 7.027427221690113e-06 4
shae 16 6.614049149825988e-06 4
sao 16 6.614049149825988e-06 3
laji 16 6.614049149825988e-06 4
gou 16 6.614049149825988e-06 3
boli 16 6.614049149825988e-06 4
shasha 15 6.200671077961864e-06 6
liti 15 6.200671077961864e-06 4
chili 15 6.200671077961864e-06 5
anjing 15 6.200671077961864e-06 6
zhang 14 5.78729300609774e-06 5
shao 14 5.78729300609774e-06 4
polan 14 5.78729300609774e-06 5
nang 14 5.78729300609774e-06 4
keli 14 5.78729300609774e-06 4
juda 14 5.78729300609774e-06 4
hui 14 5.78729300609774e-06 3
diu 14 5.78729300609774e-06 3
deng 14 5.78729300609774e-06 4
aida 14 5.78729300609774e-06 4
yao 13 5.373914934233616e-06 3
mima 13 5.373914934233616e-06 4
mao 13 5.373914934233616e-06 3
lao 13 5.373914934233616e-06 3
keni 13 5.373914934233616e-06 4
guer 13 5.373914934233616e-06 4
dalu 13 5.373914934233616e-06 4
cao 13 5.373914934233616e-06 3
tuan 12 4.960536862369491e-06 4
pei 12 4.960536862369491e-06 3
juliu 12 4.960536862369491e-06 5
jue 12 4.960536862369491e-06 3
getou 12 4.960536862369491e-06 5
fabu 12 4.960536862369491e-06 4
dati 12 4.960536862369491e-06 4
cancun 12 4.960536862369491e-06 6
bushi 12 4.960536862369491e-06 5
tanke 11 4.547158790505367e-06 5
leng 11 4.547158790505367e-06 4
keshi 11 4.547158790505367e-06 5
kedu 11 4.547158790505367e-06 4
danzi 11 4.547158790505367e-06 5
cuda 11 4.547158790505367e-06 4
wawa 10 4.133780718641243e-06 4
teyou 10 4.133780718641243e-06 5
shang 10 4.133780718641243e-06 5
pige 10 4.133780718641243e-06 4
nong 10 4.133780718641243e-06 4
malu 10 4.133780718641243e-06 4
keda 10 4.133780718641243e-06 4
gong 10 4.133780718641243e-06 4
geng 10 4.133780718641243e-06 4
fare 10 4.133780718641243e-06 4
duo 10 4.133780718641243e-06 3
cici 10 4.133780718641243e-06 4
zun 9 3.7204026467771185e-06 3
zou 9 3.7204026467771185e-06 3
zhe 9 3.7204026467771185e-06 3
yong 9 3.7204026467771185e-06 4
women 9 3.7204026467771185e-06 5
tifa 9 3.7204026467771185e-06 4
suo 9 3.7204026467771185e-06 3
shire 9 3.7204026467771185e-06 5
reng 9 3.7204026467771185e-06 4
mutan 9 3.7204026467771185e-06 5
mamu 9 3.7204026467771185e-06 4
kuo 9 3.7204026467771185e-06 3
kuku 9 3.7204026467771185e-06 4
jiji 9 3.7204026467771185e-06 4
dier 9 3.7204026467771185e-06 4
chuchu 9 3.7204026467771185e-06 6
zidan 8 3.307024574912994e-06 5
xiu 8 3.307024574912994e-06 3
xin 8 3.307024574912994e-06 3
wuse 8 3.307024574912994e-06 4
tusha 8 3.307024574912994e-06 5
shamo 8 3.307024574912994e-06 5
seng 8 3.307024574912994e-06 4
nian 8 3.307024574912994e-06 4
moda 8 3.307024574912994e-06 4
mandi 8 3.307024574912994e-06 5
kua 8 3.307024574912994e-06 3
hegu 8 3.307024574912994e-06 4
feng 8 3.307024574912994e-06 4
elie 8 3.307024574912994e-06 4
duan 8 3.307024574912994e-06 4
dili 8 3.307024574912994e-06 4
dadi 8 3.307024574912994e-06 4
dache 8 3.307024574912994e-06 5
chong 8 3.307024574912994e-06 5
bili 8 3.307024574912994e-06 4
balu 8 3.307024574912994e-06 4
zuzu 7 2.89364650304887e-06 4
zhu 7 2.89364650304887e-06 3
xiang 7 2.89364650304887e-06 5
tici 7 2.89364650304887e-06 4
tiba 7 2.89364650304887e-06 4
qin 7 2.89364650304887e-06 3
neng 7 2.89364650304887e-06 4
muke 7 2.89364650304887e-06 4
modi 7 2.89364650304887e-06 4
litu 7 2.89364650304887e-06 4
lifa 7 2.89364650304887e-06 4
kui 7 2.89364650304887e-06 3
kepa 7 2.89364650304887e-06 4
kebu 7 2.89364650304887e-06 4
jine 7 2.89364650304887e-06 4
huang 7 2.89364650304887e-06 5
ganga 7 2.89364650304887e-06 5
diema 7 2.89364650304887e-06 5
dapo 7 2.89364650304887e-06 4
dao 7 2.89364650304887e-06 3
dandan 7 2.89364650304887e-06 6
cui 7 2.89364650304887e-06 3
cheli 7 2.89364650304887e-06 5
zui 6 2.4802684311847457e-06 3
zei 6 2.4802684311847457e-06 3
yumi 6 2.4802684311847457e-06 4
yue 6 2.4802684311847457e-06 3
yuan 6 2.4802684311847457e-06 4
yinyang 6 2.4802684311847457e-06 7
yingyang 6 2.4802684311847457e-06 8
tuo 6 2.4802684311847457e-06 3
tedi 6 2.4802684311847457e-06 4
shanghai 6 2.4802684311847457e-06 8
qiu 6 2.4802684311847457e-06 3
muzi 6 2.4802684311847457e-06 4
moshi 6 2.4802684311847457e-06 5
moca 6 2.4802684311847457e-06 4
luo 6 2.4802684311847457e-06 3
liao 6 2.4802684311847457e-06 4
keyan 6 2.4802684311847457e-06 5
jiu 6 2.4802684311847457e-06 3
huahua 6 2.4802684311847457e-06 6
gungun 6 2.4802684311847457e-06 6
gugu 6 2.4802684311847457e-06 4
disi 6 2.4802684311847457e-06 4
dipan 6 2.4802684311847457e-06 5
dalei 6 2.4802684311847457e-06 5
cheng 6 2.4802684311847457e-06 5
cede 6 2.4802684311847457e-06 4
binke 6 2.4802684311847457e-06 5
bimo 6 2.4802684311847457e-06 4
beijing 6 2.4802684311847457e-06 7
babai 6 2.4802684311847457e-06 5
ayi 6 2.4802684311847457e-06 3
zhi 5 2.0668903593206214e-06 3
youse 5 2.0668903593206214e-06 5
weng 5 2.0668903593206214e-06 4
timu 5 2.0668903593206214e-06 4
teda 5 2.0668903593206214e-06 4
tantan 5 2.0668903593206214e-06 6
siren 5 2.0668903593206214e-06 5
shui 5 2.0668903593206214e-06 4
ruo 5 2.0668903593206214e-06 3
ruan 5 2.0668903593206214e-06 4
qing 5 2.0668903593206214e-06 4
muti 5 2.0668903593206214e-06 4
mulu 5 2.0668903593206214e-06 4
mishu 5 2.0668903593206214e-06 5
miji 5 2.0668903593206214e-06 4
meng 5 2.0668903593206214e-06 4
maren 5 2.0668903593206214e-06 5
ludi 5 2.0668903593206214e-06 4
luan 5 2.0668903593206214e-06 4
keren 5 2.0668903593206214e-06 5
kemu 5 2.0668903593206214e-06 4
guti 5 2.0668903593206214e-06 4
geren 5 2.0668903593206214e-06 5
gebi 5 2.0668903593206214e-06 4
fufu 5 2.0668903593206214e-06 4
fandang 5 2.0668903593206214e-06 7
eyu 5 2.0668903593206214e-06 3
daru 5 2.0668903593206214e-06 4
dage 5 2.0668903593206214e-06 4
ciri 5 2.0668903593206214e-06 4
cidi 5 2.0668903593206214e-06 4
chui 5 2.0668903593206214e-06 4
cang 5 2.0668903593206214e-06 4
bubi 5 2.0668903593206214e-06 4
bini 5 2.0668903593206214e-06 4
aiya 5 2.0668903593206214e-06 4
zeng 4 1.653512287456497e-06 4
zang 4 1.653512287456497e-06 4
yeye 4 1.653512287456497e-06 4
touche 4 1.653512287456497e-06 6
taiwan 4 1.653512287456497e-06 6
sisi 4 1.653512287456497e-06 4
silu 4 1.653512287456497e-06 4
sida 4 1.653512287456497e-06 4
shanshan 4 1.653512287456497e-06 8
rong 4 1.653512287456497e-06 4
rizi 4 1.653512287456497e-06 4
pushi 4 1.653512287456497e-06 5
puji 4 1.653512287456497e-06 4
nashi 4 1.653512287456497e-06 5
naqi 4 1.653512287456497e-06 4
mudu 4 1.653512287456497e-06 4
mogu 4 1.653512287456497e-06 4
mayi 4 1.653512287456497e-06 4
maimai 4 1.653512287456497e-06 6
mabi 4 1.653512287456497e-06 4
liru 4 1.653512287456497e-06 4
lipin 4 1.653512287456497e-06 5
lakai 4 1.653512287456497e-06 5
lache 4 1.653512287456497e-06 5
kuan 4 1.653512287456497e-06 4
keti 4 1.653512287456497e-06 4
keng 4 1.653512287456497e-06 4
kechi 4 1.653512287456497e-06 5
huan 4 1.653512287456497e-06 4
guan 4 1.653512287456497e-06 4
gedi 4 1.653512287456497e-06 4
faya 4 1.653512287456497e-06 4
fada 4 1.653512287456497e-06 4
dudu 4 1.653512287456497e-06 4
dating 4 1.653512287456497e-06 6
daquan 4 1.653512287456497e-06 6
dafu 4 1.653512287456497e-06 4
dafa 4 1.653512287456497e-06 4
dadu 4 1.653512287456497e-06 4
cushi 4 1.653512287456497e-06 5
cuo 4 1.653512287456497e-06 3
chandi 4 1.653512287456497e-06 6
buke 4 1.653512287456497e-06 4
andan 4 1.653512287456497e-06 5
zong 3 1.2401342155923728e-06 4
zhou 3 1.2401342155923728e-06 4
zhen 3 1.2401342155923728e-06 4
zhaoyao 3 1.2401342155923728e-06 7
zao 3 1.2401342155923728e-06 3
yian 3 1.2401342155923728e-06 4
yesu 3 1.2401342155923728e-06 4
xun 3 1.2401342155923728e-06 3
xuan 3 1.2401342155923728e-06 4
xiong 3 1.2401342155923728e-06 5
wuyi 3 1.2401342155923728e-06 4
wuwu 3 1.2401342155923728e-06 4
tusi 3 1.2401342155923728e-06 4
tupo 3 1.2401342155923728e-06 4
tui 3 1.2401342155923728e-06 3
tudi 3 1.2401342155923728e-06 4
tanli 3 1.2401342155923728e-06 5
shushu 3 1.2401342155923728e-06 6
shifu 3 1.2401342155923728e-06 5
sheng 3 1.2401342155923728e-06 5
sheli 3 1.2401342155923728e-06 5
pusa 3 1.2401342155923728e-06 4
pipa 3 1.2401342155923728e-06 4
nuo 3 1.2401342155923728e-06 3
nitu 3 1.2401342155923728e-06 4
naqu 3 1.2401342155923728e-06 4
nachu 3 1.2401342155923728e-06 5
mudi 3 1.2401342155923728e-06 4
mosha 3 1.2401342155923728e-06 5
mache 3 1.2401342155923728e-06 5
lishi 3 1.2401342155923728e-06 5
linlin 3 1.2401342155923728e-06 6
lilv 3 1.2401342155923728e-06 4
likai 3 1.2401342155923728e-06 5
ligen 3 1.2401342155923728e-06 5
liang 3 1.2401342155923728e-06 5
kefu 3 1.2401342155923728e-06 4
kebi 3 1.2401342155923728e-06 4
junke 3 1.2401342155923728e-06 5
jiya 3 1.2401342155923728e-06 4
jinjin 3 1.2401342155923728e-06 6
jimo 3 1.2401342155923728e-06 4
jike 3 1.2401342155923728e-06 4
huachu 3 1.2401342155923728e-06 6
guiding 3 1.2401342155923728e-06 7
gaodeng 3 1.2401342155923728e-06 7
fanu 3 1.2401342155923728e-06 4
dayu 3 1.2401342155923728e-06 4
dawan 3 1.2401342155923728e-06 5
danda 3 1.2401342155923728e-06 5
dalie 3 1.2401342155923728e-06 5
cili 3 1.2401342155923728e-06 4
chule 3 1.2401342155923728e-06 5
chiru 3 1.2401342155923728e-06 5
chayi 3 1.2401342155923728e-06 5
buju 3 1.2401342155923728e-06 4
buan 3 1.2401342155923728e-06 4
bosi 3 1.2401342155923728e-06 4
bizi 3 1.2401342155923728e-06 4
bipo 3 1.2401342155923728e-06 4
benchi 3 1.2401342155923728e-06 6
benbo 3 1.2401342155923728e-06 5
banyan 3 1.2401342155923728e-06 6
zuo 2 8.267561437282486e-07 3
zumu 2 8.267561437282486e-07 4
zuan 2 8.267561437282486e-07 4
ziye 2 8.267561437282486e-07 4
zimu 2 8.267561437282486e-07 4
zhong 2 8.267561437282486e-07 5
zhao 2 8.267561437282486e-07 4
yisi 2 8.267561437282486e-07 4
yeti 2 8.267561437282486e-07 4
yese 2 8.267561437282486e-07 4
yeli 2 8.267561437282486e-07 4
yanan 2 8.267561437282486e-07 5
yamen 2 8.267561437282486e-07 5
yali 2 8.267561437282486e-07 4
yaju 2 8.267561437282486e-07 4
yadi 2 8.267561437282486e-07 4
yachi 2 8.267561437282486e-07 5
xue 2 8.267561437282486e-07 3
xixi 2 8.267561437282486e-07 4
xinwei 2 8.267561437282486e-07 6
xibu 2 8.267561437282486e-07 4
xibo 2 8.267561437282486e-07 4
xian 2 8.267561437282486e-07 4
wushu 2 8.267561437282486e-07 5
waijiao 2 8.267561437282486e-07 7
turan 2 8.267561437282486e-07 5
timing 2 8.267561437282486e-07 6
tili 2 8.267561437282486e-07 4
tidu 2 8.267561437282486e-07 4
tese 2 8.267561437282486e-07 4
taitai 2 8.267561437282486e-07 6
taiping 2 8.267561437282486e-07 7
siji 2 8.267561437282486e-07 4
shue 2 8.267561437282486e-07 4
sheru 2 8.267561437282486e-07 5
riji 2 8.267561437282486e-07 4
relie 2 8.267561437282486e-07 5
reai 2 8.267561437282486e-07 4
raner 2 8.267561437282486e-07 5
qun 2 8.267561437282486e-07 3
qita 2 8.267561437282486e-07 4
qigong 2 8.267561437282486e-07 6
qie 2 8.267561437282486e-07 3
qiang 2 8.267561437282486e-07 5
qia 2 8.267561437282486e-07 3
podu 2 8.267561437282486e-07 4
piru 2 8.267561437282486e-07 4
pipan 2 8.267561437282486e-07 5
pinpin 2 8.267561437282486e-07 6
pinde 2 8.267561437282486e-07 5
pendi 2 8.267561437282486e-07 5
nuli 2 8.267561437282486e-07 4
nuan 2 8.267561437282486e-07 4
nongnu 2 8.267561437282486e-07 6
nanyang 2 8.267561437282486e-07 7
nanti 2 8.267561437282486e-07 5
namen 2 8.267561437282486e-07 5
muli 2 8.267561437282486e-07 4
muji 2 8.267561437282486e-07 4
minguo 2 8.267561437282486e-07 6
mingming 2 8.267561437282486e-07 8
minge 2 8.267561437282486e-07 5
miman 2 8.267561437282486e-07 5
miao 2 8.267561437282486e-07 4
maizi 2 8.267561437282486e-07 5
mafan 2 8.267561437282486e-07 5
luzi 2 8.267561437282486e-07 4
lizi 2 8.267561437282486e-07 4
liyi 2 8.267561437282486e-07 4
lieri 2 8.267561437282486e-07 5
kuqi 2 8.267561437282486e-07 4
keji 2 8.267561437282486e-07 4
keai 2 8.267561437282486e-07 4
kankan 2 8.267561437282486e-07 6
jumu 2 8.267561437282486e-07 4
jinyou 2 8.267561437282486e-07 6
jingjing 2 8.267561437282486e-07 8
jili 2 8.267561437282486e-07 4
jiejie 2 8.267561437282486e-07 6
jian 2 8.267561437282486e-07 4
huhu 2 8.267561437282486e-07 4
huai 2 8.267561437282486e-07 4
henhen 2 8.267561437282486e-07 6
heng 2 8.267561437282486e-07 4
heliu 2 8.267561437282486e-07 5
hean 2 8.267561437282486e-07 4
guli 2 8.267561437282486e-07 4
gudu 2 8.267561437282486e-07 4
gudi 2 8.267561437282486e-07 4
geju 2 8.267561437282486e-07 4
gege 2 8.267561437282486e-07 4
gebo 2 8.267561437282486e-07 4
gaoya 2 8.267561437282486e-07 5
ganma 2 8.267561437282486e-07 5
fuze 2 8.267561437282486e-07 4
fubi 2 8.267561437282486e-07 4
fazi 2 8.267561437282486e-07 4
fashe 2 8.267561437282486e-07 5
faren 2 8.267561437282486e-07 5
fanmai 2 8.267561437282486e-07 6
eryan 2 8.267561437282486e-07 5
ershi 2 8.267561437282486e-07 5
dushi 2 8.267561437282486e-07 5
digu 2 8.267561437282486e-07 4
dazi 2 8.267561437282486e-07 4
daren 2 8.267561437282486e-07 5
danti 2 8.267561437282486e-07 5
damen 2 8.267561437282486e-07 5
dalou 2 8.267561437282486e-07 5
dalai 2 8.267561437282486e-07 5
daju 2 8.267561437282486e-07 4
daiqu 2 8.267561437282486e-07 5
chuli 2 8.267561437282486e-07 5
chuan 2 8.267561437282486e-07 5
chenyin 2 8.267561437282486e-07 7
chaye 2 8.267561437282486e-07 5
charu 2 8.267561437282486e-07 5
ceshi 2 8.267561437282486e-07 5
butie 2 8.267561437282486e-07 5
buru 2 8.267561437282486e-07 4
buli 2 8.267561437282486e-07 4
bujin 2 8.267561437282486e-07 5
bugou 2 8.267561437282486e-07 5
bufa 2 8.267561437282486e-07 4
biru 2 8.267561437282486e-07 4
bihe 2 8.267561437282486e-07 4
bendi 2 8.267561437282486e-07 5
beibi 2 8.267561437282486e-07 5
bazi 2 8.267561437282486e-07 4
bachu 2 8.267561437282486e-07 5
anzi 2 8.267561437282486e-07 4
zuli 1 4.133780718641243e-07 4
ziwo 1 4.133780718641243e-07 4
ziru 1 4.133780718641243e-07 4
ziran 1 4.133780718641243e-07 5
zinv 1 4.133780718641243e-07 4
zili 1 4.133780718641243e-07 4
zihao 1 4.133780718641243e-07 5
zidi 1 4.133780718641243e-07 4
zhuyu 1 4.133780718641243e-07 5
zhuo 1 4.133780718641243e-07 4
zhuanqian 1 4.133780718641243e-07 9
zhuang 1 4.133780718641243e-07 6
zhize 1 4.133780718641243e-07 5
zhiyi 1 4.133780718641243e-07 5
zhibi 1 4.133780718641243e-07 5
zhian 1 4.133780718641243e-07 5
zhangda 1 4.133780718641243e-07 7
yuejin 1 4.133780718641243e-07 6
youce 1 4.133780718641243e-07 5
yiyang 1 4.133780718641243e-07 6
yiti 1 4.133780718641243e-07 4
yinyin 1 4.133780718641243e-07 6
yingzi 1 4.133780718641243e-07 6
yinfu 1 4.133780718641243e-07 5
yinbi 1 4.133780718641243e-07 5
yinan 1 4.133780718641243e-07 5
yihan 1 4.133780718641243e-07 5
yige 1 4.133780718641243e-07 4
yifan 1 4.133780718641243e-07 5
yeshi 1 4.133780718641243e-07 5
yazi 1 4.133780718641243e-07 4
yapo 1 4.133780718641243e-07 4
yaoming 1 4.133780718641243e-07 7
yaolan 1 4.133780718641243e-07 6
yangzhu 1 4.133780718641243e-07 7
yange 1 4.133780718641243e-07 5
yaner 1 4.133780718641243e-07 5
xuke 1 4.133780718641243e-07 4
xuexi 1 4.133780718641243e-07 5
xuesheng 1 4.133780718641243e-07 8
xueke 1 4.133780718641243e-07 5
xiri 1 4.133780718641243e-07 4
xini 1 4.133780718641243e-07 4
xila 1 4.133780718641243e-07 4
xihuan 1 4.133780718641243e-07 6
xiashu 1 4.133780718641243e-07 6
xiaoren 1 4.133780718641243e-07 7
xiaoniao 1 4.133780718641243e-07 8
xiaogui 1 4.133780718641243e-07 7
xiaofeng 1 4.133780718641243e-07 8
xiadi 1 4.133780718641243e-07 5
wuti 1 4.133780718641243e-07 4
wutai 1 4.133780718641243e-07 5
wuqing 1 4.133780718641243e-07 6
wujian 1 4.133780718641243e-07 6
wubi 1 4.133780718641243e-07 4
wenrou 1 4.133780718641243e-07 6
weiwei 1 4.133780718641243e-07 6
weile 1 4.133780718641243e-07 5
wanle 1 4.133780718641243e-07 5
wanju 1 4.133780718641243e-07 5
wangu 1 4.133780718641243e-07 5
waijia 1 4.133780718641243e-07 6
tunbu 1 4.133780718641243e-07 5
tufa 1 4.133780718641243e-07 4
touru 1 4.133780718641243e-07 5
tongtong 1 4.133780718641243e-07 8
tonghua 1 4.133780718641243e-07 7
tongguo 1 4.133780718641243e-07 7
tiyu 1 4.133780718641243e-07 4
tiqu 1 4.133780718641243e-07 4
tingbo 1 4.133780718641243e-07 6
tidai 1 4.133780718641243e-07 5
ticao 1 4.133780718641243e-07 5
tianti 1 4.133780718641243e-07 6
tiantang 1 4.133780718641243e-07 8
tianqi 1 4.133780718641243e-07 6
tiane 1 4.133780718641243e-07 5
teshu 1 4.133780718641243e-07 5
taotao 1 4.133780718641243e-07 6
tanzi 1 4.133780718641243e-07 5
tanpan 1 4.133780718641243e-07 6
tamen 1 4.133780718641243e-07 5
tajia 1 4.133780718641243e-07 5
taishang 1 4.133780718641243e-07 8
suzhou 1 4.133780718641243e-07 6
sushe 1 4.133780718641243e-07 5
suqing 1 4.133780718641243e-07 6
suishi 1 4.133780718641243e-07 6
sudu 1 4.133780718641243e-07 4
suan 1 4.133780718641243e-07 4
sousuo 1 4.133780718641243e-07 6
siqu 1 4.133780718641243e-07 4
siling 1 4.133780718641243e-07 6
shuli 1 4.133780718641243e-07 5
shuichi 1 4.133780718641243e-07 7
shuang 1 4.133780718641243e-07 6
shouling 1 4.133780718641243e-07 8
shiyan 1 4.133780718641243e-07 6
shiku 1 4.133780718641243e-07 5
shenyang 1 4.133780718641243e-07 8
shenjing 1 4.133780718641243e-07 8
shefa 1 4.133780718641243e-07 5
shatu 1 4.133780718641243e-07 5
shatan 1 4.133780718641243e-07 6
shasi 1 4.133780718641243e-07 5
shaoping 1 4.133780718641243e-07 8
shanmai 1 4.133780718641243e-07 7
shandi 1 4.133780718641243e-07 6
rutou 1 4.133780718641243e-07 5
rushe 1 4.133780718641243e-07 5
riye 1 4.133780718641243e-07 4
riqu 1 4.133780718641243e-07 4
richu 1 4.133780718641243e-07 5
riben 1 4.133780718641243e-07 5
renti 1 4.133780718641243e-07 5
renshi 1 4.133780718641243e-07 6
renren 1 4.133780718641243e-07 6
renge 1 4.133780718641243e-07 5
queren 1 4.133780718641243e-07 6
quanti 1 4.133780718641243e-07 6
qitai 1 4.133780718641243e-07 5
qiao 1 4.133780718641243e-07 4
qian 1 4.133780718641243e-07 4
putong 1 4.133780718641243e-07 6
pucha 1 4.133780718641243e-07 5
pubu 1 4.133780718641243e-07 4
polie 1 4.133780718641243e-07 5
pinku 1 4.133780718641243e-07 5
pingguo 1 4.133780718641243e-07 7
pinge 1 4.133780718641243e-07 5
pingdi 1 4.133780718641243e-07 6
pingan 1 4.133780718641243e-07 6
pifa 1 4.133780718641243e-07 4
piaoliang 1 4.133780718641243e-07 9
piao 1 4.133780718641243e-07 4
paolai 1 4.133780718641243e-07 6
panzi 1 4.133780718641243e-07 5
paida 1 4.133780718641243e-07 5
ouhe 1 4.133780718641243e-07 4
ouer 1 4.133780718641243e-07 4
ouda 1 4.133780718641243e-07 4
nvzi 1 4.133780718641243e-07 4
niupi 1 4.133780718641243e-07 5
niao 1 4.133780718641243e-07 4
niang 1 4.133780718641243e-07 5
nanzi 1 4.133780718641243e-07 5
nalai 1 4.133780718641243e-07 5
nainai 1 4.133780718641243e-07 6
naer 1 4.133780718641243e-07 4
mumin 1 4.133780718641243e-07 5
muchan 1 4.133780718641243e-07 6
monian 1 4.133780718641243e-07 6
mohu 1 4.133780718641243e-07 4
moer 1 4.133780718641243e-07 4
mochu 1 4.133780718641243e-07 5
miren 1 4.133780718641243e-07 5
mingyu 1 4.133780718641243e-07 6
milin 1 4.133780718641243e-07 5
midu 1 4.133780718641243e-07 4
mibu 1 4.133780718641243e-07 4
meili 1 4.133780718641243e-07 5
meigui 1 4.133780718641243e-07 6
maque 1 4.133780718641243e-07 5
manyi 1 4.133780718641243e-07 5
mantou 1 4.133780718641243e-07 6
maibo 1 4.133780718641243e-07 5
luqu 1 4.133780718641243e-07 4
louti 1 4.133780718641243e-07 5
longlong 1 4.133780718641243e-07 8
lizhi 1 4.133780718641243e-07 5
lixi 1 4.133780718641243e-07 4
liuyu 1 4.133780718641243e-07 5
linye 1 4.133780718641243e-07 5
linqu 1 4.133780718641243e-07 5
linli 1 4.133780718641243e-07 5
linian 1 4.133780718641243e-07 6
linba 1 4.133780718641243e-07 5
limao 1 4.133780718641243e-07 5
lihai 1 4.133780718641243e-07 5
liaoning 1 4.133780718641243e-07 8
leida 1 4.133780718641243e-07 5
leibi 1 4.133780718641243e-07 5
laqi 1 4.133780718641243e-07 4
laoshi 1 4.133780718641243e-07 6
laikan 1 4.133780718641243e-07 6
kugan 1 4.133780718641243e-07 5
kuanshi 1 4.133780718641243e-07 7
kuaile 1 4.133780718641243e-07 6
kouli 1 4.133780718641243e-07 5
keyi 1 4.133780718641243e-07 4
keju 1 4.133780718641243e-07 4
kehu 1 4.133780718641243e-07 4
kapian 1 4.133780718641243e-07 6
kaoshi 1 4.133780718641243e-07 6
kaixin 1 4.133780718641243e-07 6
juran 1 4.133780718641243e-07 5
junzhang 1 4.133780718641243e-07 8
juji 1 4.133780718641243e-07 4
juexin 1 4.133780718641243e-07 6
judian 1 4.133780718641243e-07 6
jubu 1 4.133780718641243e-07 4
jubei 1 4.133780718641243e-07 5
jizi 1 4.133780718641243e-07 4
jiyu 1 4.133780718641243e-07 4
jiquan 1 4.133780718641243e-07 6
jiqi 1 4.133780718641243e-07 4
jinwu 1 4.133780718641243e-07 5
jinv 1 4.133780718641243e-07 4
jinsi 1 4.133780718641243e-07 5
jingyi 1 4.133780718641243e-07 6
jingbu 1 4.133780718641243e-07 6
jiner 1 4.133780718641243e-07 5
jincheng 1 4.133780718641243e-07 8
jinbu 1 4.133780718641243e-07 5
jilin 1 4.133780718641243e-07 5
jige 1 4.133780718641243e-07 4
jifa 1 4.133780718641243e-07 4
jieshi 1 4.133780718641243e-07 6
jieli 1 4.133780718641243e-07 5
jidu 1 4.133780718641243e-07 4
jidi 1 4.133780718641243e-07 4
jiche 1 4.133780718641243e-07 5
jiayi 1 4.133780718641243e-07 5
jiangjin 1 4.133780718641243e-07 8
huo 1 4.133780718641243e-07 3
huli 1 4.133780718641243e-07 4
huihuang 1 4.133780718641243e-07 8
hudi 1 4.133780718641243e-07 4
huaya 1 4.133780718641243e-07 5
huase 1 4.133780718641243e-07 5
hongyu 1 4.133780718641243e-07 6
hexie 1 4.133780718641243e-07 5
hese 1 4.133780718641243e-07 4
helong 1 4.133780718641243e-07 6
heise 1 4.133780718641243e-07 5
heibai 1 4.133780718641243e-07 6
hehu 1 4.133780718641243e-07 4
hebi 1 4.133780718641243e-07 4
haoma 1 4.133780718641243e-07 5
hanwei 1 4.133780718641243e-07 6
hankou 1 4.133780718641243e-07 6
haiying 1 4.133780718641243e-07 7
haiou 1 4.133780718641243e-07 5
haili 1 4.133780718641243e-07 5
haiba 1 4.133780718641243e-07 5
guo 1 4.133780718641243e-07 3
guji 1 4.133780718641243e-07 4
guina 1 4.133780718641243e-07 5
guilv 1 4.133780718641243e-07 5
gufu 1 4.133780718641243e-07 4
guang 1 4.133780718641243e-07 5
gonggong 1 4.133780718641243e-07 8
gezi 1 4.133780718641243e-07 4
gesong 1 4.133780718641243e-07 6
gese 1 4.133780718641243e-07 4
genju 1 4.133780718641243e-07 5
gelie 1 4.133780718641243e-07 5
geci 1 4.133780718641243e-07 4
ganren 1 4.133780718641243e-07 6
ganju 1 4.133780718641243e-07 5
gaijin 1 4.133780718641243e-07 6
gaige 1 4.133780718641243e-07 5
fuzi 1 4.133780718641243e-07 4
fute 1 4.133780718641243e-07 4
fumu 1 4.133780718641243e-07 4
fumo 1 4.133780718641243e-07 4
fuli 1 4.133780718641243e-07 4
fenchu 1 4.133780718641243e-07 6
feifei 1 4.133780718641243e-07 6
faze 1 4.133780718641243e-07 4
fasan 1 4.133780718641243e-07 5
faqi 1 4.133780718641243e-07 4
fangzi 1 4.133780718641243e-07 6
fangmu 1 4.133780718641243e-07 6
fanfa 1 4.133780718641243e-07 5
faner 1 4.133780718641243e-07 5
fandi 1 4.133780718641243e-07 5
fading 1 4.133780718641243e-07 6
fadian 1 4.133780718641243e-07 6
facai 1 4.133780718641243e-07 5
fabiao 1 4.133780718641243e-07 6
erzi 1 4.133780718641243e-07 4
dute 1 4.133780718641243e-07 4
dushe 1 4.133780718641243e-07 5
duse 1 4.133780718641243e-07 4
duoduo 1 4.133780718641243e-07 6
duli 1 4.133780718641243e-07 4
ducu 1 4.133780718641243e-07 4
doudong 1 4.133780718641243e-07 7
dongji 1 4.133780718641243e-07 6
donghai 1 4.133780718641243e-07 7
dongan 1 4.133780718641243e-07 6
ditu 1 4.133780718641243e-07 4
ditan 1 4.133780718641243e-07 5
dique 1 4.133780718641243e-07 5
dinge 1 4.133780718641243e-07 5
daye 1 4.133780718641243e-07 4
dayang 1 4.133780718641243e-07 6
dashou 1 4.133780718641243e-07 6
dasha 1 4.133780718641243e-07 5
dapi 1 4.133780718641243e-07 4
daodi 1 4.133780718641243e-07 5
dandu 1 4.133780718641243e-07 5
dalian 1 4.133780718641243e-07 6
daku 1 4.133780718641243e-07 4
dakai 1 4.133780718641243e-07 5
daihui 1 4.133780718641243e-07 6
daidai 1 4.133780718641243e-07 6
dagai 1 4.133780718641243e-07 5
dadan 1 4.133780718641243e-07 5
dachu 1 4.133780718641243e-07 5
cuowu 1 4.133780718641243e-07 5
cuan 1 4.133780718641243e-07 4
conger 1 4.133780718641243e-07 6
citie 1 4.133780718641243e-07 5
cifa 1 4.133780718641243e-07 4
cidao 1 4.133780718641243e-07 5
chutu 1 4.133780718641243e-07 5
chusi 1 4.133780718641243e-07 5
chuo 1 4.133780718641243e-07 4
chulai 1 4.133780718641243e-07 6
chuang 1 4.133780718641243e-07 6
choue 1 4.133780718641243e-07 5
chongchong 1 4.133780718641243e-07 10
chire 1 4.133780718641243e-07 5
chiku 1 4.133780718641243e-07 5
chidu 1 4.133780718641243e-07 5
chenji 1 4.133780718641243e-07 6
chengli 1 4.133780718641243e-07 7
chedi 1 4.133780718641243e-07 5
chatu 1 4.133780718641243e-07 5
chachu 1 4.133780718641243e-07 6
chabie 1 4.133780718641243e-07 6
caoxie 1 4.133780718641243e-07 6
caocao 1 4.133780718641243e-07 6
cansi 1 4.133780718641243e-07 5
caina 1 4.133780718641243e-07 5
buzu 1 4.133780718641243e-07 4
buzi 1 4.133780718641243e-07 4
butong 1 4.133780718641243e-07 6
buman 1 4.133780718641243e-07 5
bulun 1 4.133780718641243e-07 5
bulao 1 4.133780718641243e-07 5
bukan 1 4.133780718641243e-07 5
buji 1 4.133780718641243e-07 4
bugu 1 4.133780718641243e-07 4
budebu 1 4.133780718641243e-07 6
budao 1 4.133780718641243e-07 5
buchu 1 4.133780718641243e-07 5
bolin 1 4.133780718641243e-07 5
bolang 1 4.133780718641243e-07 6
bolan 1 4.133780718641243e-07 5
bochi 1 4.133780718641243e-07 5
bici 1 4.133780718641243e-07 4
biange 1 4.133780718641243e-07 6
benzi 1 4.133780718641243e-07 5
benti 1 4.133780718641243e-07 5
baomo 1 4.133780718641243e-07 5
banzi 1 4.133780718641243e-07 5
banshi 1 4.133780718641243e-07 6
banji 1 4.133780718641243e-07 5
bajin 1 4.133780718641243e-07 5
baitu 1 4.133780718641243e-07 5
baise 1 4.133780718641243e-07 5
anshi 1 4.133780718641243e-07 5
anquan 1 4.133780718641243e-07 6
anning 1 4.133780718641243e-07 6
alabo 1 4.133780718641243e-07 5
airen 1 4.133780718641243e-07 5
aihu 1 4.133780718641243e-07 4